3965
4864
6963
8241
1236
4950
4179
2509
6276
3652
1186
3904
8214
1070
4082
9293
8200
6833
2167
8801
2949
6347
2476
1014
8389
8463
7227
3664
4402
4650
7249
4719
9514
4212
2961
750
5514
7140
9611
8143
7144
797
8399
1711
8219
2481
1004
2771
5666
3171
1572
8616
5870
4048
5982
612
8863
3210
4276
3265
4212
7877
7985
78
8441
7298
828
307
790
6792
4802
4286
3941
3201
5997
2161
2034
7001
4932
4053
6524
2857
9021
8747
6905
5003
9359
5769
4565
3635
5386
8777
7864
9723
8855
6305
3373
6036
6612
4163
9180
7767
8450
3121
968
4447
5282
9355
7801
6567
3408
4325
9424
2429
3072
2681
3784
2431
4802
8350
2418
6541
3479
282
2616
2335
2939
5990
4723
5904
6505
3903
3671
1307
3376
991
2107
8659
346
9908
1578
3754
585
7354
2535
10
6387
6320
8793
1190
1022
1212
4083
4501
7846
6699
3188
7138
2689
7911
3042
5547
8166
3065
6854
1543
4056
8961
6554
4403
5221
4484
4509
5807
1838
7045
5817
8225
9717
962
5767
739
2174
9850
5240
6373
2902
8429
9863
1943
2692
2905
7490
859
5970
4345
8754
6378
9658
1660
781
4880
6144
1643
687
7982
8688
2856
2559
8405
3818
8327
9144
2345
4529
4384
5070
3783
9165
4933
5727
1858
4190
3217
9069
6512
3914
7823
2890
9925
9483
24
4805
1979
1667
1844
9961
355
1052
8872
5112
1222
3551
4256
9919
4433
4992
4989
8216
4158
6274
3943
2368
464
3513
1437
3328
3779
5612
6219
56
1447
6243
1213
3426
7910
3057
9739
4617
461
8611
6081
1684
2163
337
1603
2948
1681
2945
1164
2191
9219
1460
911
6036
1325
2348
9364
5104
4312
1935
5161
5759
8178
6374
9185
2440
5784
8924
3409
2597
3888
9490
633
2403
6179
2237
5351
4213
1534
6515
6404
7105
4327
3668
3141
5652
6016
8858
757
329
793
2270
2440
5324
4996
1626
4116
7132
6902
7526
9730
790
3368
363
3193
9548
8952
8544
113
6838
1412
2869
3944
5739
6537
3437
1392
8906
8647
8501
5587
9441
7123
8027
4765
8471
9653
5233
5604
6556
2759
1686
7346
2480
8401
540
2028
7354
5436
2141
544
6848
5010
4488
2588
7900
4278
332
6806
2925
5185
2393
2366
2308
420
3483
779
6426
8717
2735
2982
7828
4421
6680
308
2823
3572
8688
6529
9009
7181
7073
2209
8544
7914
4797
6444
2192
1481
3250
1469
6666
5643
3836
8974
2415
3671
6106
8841
8740
8841
8175
2921
9615
4856
9581
8790
4780
8270
5319
3789
1803
8744
5999
347
6658
7148
3143
5202
8630
2745
6672
1648
4740
6860
623
7156
6883
3081
2349
1976
1922
525
4897
7889
1733
4478
6679
6513
9100
1998
6655
7256
7095
9006
3955
105
6154
7099
5308
1136
9844
8332
2785
937
1544
9760
8093
8427
9193
442
403
7467
7319
1652
5357
9052
2483
2036
5566
7935
387
2221
5191
7482
1227
9147
7587
3733
2598
9247
4870
8794
7579
4007
9731
9123
119
4176
3903
9312
971
658
6779
8290
2311
8488
7343
1146
525
2909
9081
7264
1482
4273
1098
2709
9772
8685
6442
2370
4285
7664
7516
8216
8023
7248
3692
4494
7776
7595
158
8747
8253
3290
7038
6916
1778
4381
8062
8655
3642
7144
5919
5124
7769
7017
4185
7541
2055
6979
6263
6340
996
3779
908
9019
7379
4600
9866
5156
2195
24
255
6801
3314
7293
69
1445
8026
8132
100
8020
1628
2372
3144
5749
5741
3681
9642
7796
661
2257
488
1657
2388
1397
7028
9768
2349
6894
1276
4545
3271
7883
7698
2937
1529
7767
734
9555
2251
835
3928
231
9559
7072
5980
5300
7106
5622
9449
7767
7879
6289
9424
6620
7686
2804
6388
36
6051
4016
933
5674
1899
4983
8611
3428
9102
9346
9336
1354
6533
3264
7937
2444
6688
3918
7744
3794
5892
3545
7913
124
9835
7337
6744
3873
6494
9484
3909
2545
9852
1194
4571
1751
6177
3182
1532
5280
8880
7220
2986
1765
6836
923
4209
3524
1193
1954
3671
7086
5499
1584
3562
1686
5274
6658
5560
1768
6142
5821
665
5994
7016
5236
4097
9545
4770
5629
1177
3651
9201
515
1768
6037
1439
5978
9562
8984
4284
9585
6070
6135
1169
5984
7822
6443
2642
3382
8211
8784
9203
5228
1130
2571
6816
5228
2117
1587
7209
9646
1590
6411
162
3358
8800
7953
5688
4714
6937
9972
4299
9360
6108
5469
1696
282
1912
4339
3664
6476
9475
9219
8056
606
1791
4873
2186
260
6460
9395
6258
4402
2158
2772
7760
959
725
3449
2025
4015
9773
6325
3375
2233
1794
5071
2515
58
5762
2531
6534
5238
8103
4591
2196
9894
9464
4382
6506
2276
129
9116
6678
8640
1889
790
5951
2614
591
7976
6629
365
4301
6356
2598
6095
7780
5114
6154
9894
3997
9040
5132
2100
9983
3680
8346
5799
4414
4852
8075
4544
3969
1105
9536
5858
8248
5487
4824
8839
9815
7806
9204
4117
514
1803
6564
8294
3269
9070
8189
7266
8111
9673
9367
4446
9706
7713
246
4120
8918
4673
5016
9239
5779
4552
1449
379
6391
2625
9218
6207
431
8423
324
946
6578
3240
5592
6199
2311
3781
3465
6774
9807
9184
1220
9513
3250
1466
9985
8520
6140
5002
7759
8271
5906
5560
8650
2298
8185
4220
8505
8617
2643
5181
5915
5573
8421
1507
1772
7084
1641
1590
3858
7800
774
5079
7313
376
2897
3650
8896
5389
8652
3007
3660
4559
8567
8662
6857
3105
2883
1714
8074
1878
6895
3989
7452
1668
1848
9224
8753
3489
7166
2611
1289
7941
4042
4954
8317
6940
8605
3566
2329
3609
6573
2342
8168
1493
1004
1377
950
239
3091
9024
2118
6338
9365
5922
4359
1213
1498
3112
1055
8665
2075
8696
2958
6118
3651
7627
3058
8608
1193
1739
2217
4119
4081
6738
1964
1438
8115
2914
1677
7559
8290
147
249
7655
2421
4608
5220
3920
7720
6275
2585
6148
4972
1895
2266
4975
9522
1676
3583
716
3415
2152
1187
3849
8890
3151
5287
7006
2417
3316
4565
707
3464
1166
8362
5885
5775
9934
6157
9847
6210
5094
5995
7534
6989
4613
2509
6512
6289
2444
3580
6057
4596
4767
9906
3487
7918
1545
493
335
4861
1410
1042
4677
2576
5756
6915
4703
2042
9424
4551
8252
4519
6898
2138
7860
1512
4647
4372
4153
7091
7952
210
8040
9071
6468
1527
6989
4365
8372
3676
5579
6134
1070
256
5062
3178
3523
9766
5221
9300
669
9825
3819
7567
1964
1679
9079
6611
2404
3233
55
6708
9795
4447
5780
6264
5974
9121
6981
4346
2798
2560
6832
220
9169
1894
3399
2692
1660
8620
1992
2329
4797
2163
6249
6761
195
5328
9725
2599
4913
6132
9307
1061
579
1439
3677
6553
561
658
7251
9711
3219
4083
9931
2388
5977
3330
1432
3990
8302
9777
6319
3100
1940
8920
9861
2135
4249
5938
1086
5514
2070
6746
2927
2649
8185
6604
5554
8746
7263
9157
4809
6834
9592
4741
9222
1922
4423
7006
5912
9078
6783
8583
2178
5076
7504
8391
3563
8105
4330
4650
9971
2752
7748
2899
1754
5933
5855
7308
1032
3118
2818
5841
6304
2410
582
1878
4332
1358
8885
244
436
5668
5180
8966
7096
2684
7357
660
7141
8039
1662
7112
7144
9410
6363
8898
5343
2219
2558
6375
5337
5376
8569
7994
7787
5503
9872
8471
6861
8757
5068
7297
778
248
6263
7874
9284
9973
8534
6425
4364
196
9889
1508
5958
6253
6758
1302
8472
9317
4029
161
4693
8950
8155
2480
4454
8028
7304
7667
6785
2372
4965
7563
2620
7580
1790
1904
3905
6676
4681
4622
3225
4570
6130
9183
823
2889
6837
5647
8558
867
5809
3251
6169
3964
2084
623
1992
9388
8291
5130
1760
9608
9045
732
3540
835
8988
7446
7512
3669
8420
737
4591
4550
6272
1767
3791
3110
7414
2349
329
3223
1953
6498
3540
4037
3474
5532
9777
8117
7014
1537
7725
6060
8621
7617
3247
7609
1415
7111
7630
9835
4200
2221
738
473
3988
4529
3583
7755
3231
3912
978
1536
6762
4518
1925
236
6403
1702
8353
9769
9591
2430
5829
8212
48
5429
5821
1463
2540
3451
1299
6741
2024
2037
7214
2365
2918
7149
120
2501
7413
7450
389
4175
8321
2314
4412
1076
4016
9117
845
3607
1548
3027
1819
1596
8456
3992
9411
996
7443
710
4089
5820
9099
7655
8185
8370
4804
8305
871
8569
2107
1261
2745
428
9927
3509
7856
3944
8978
8702
3903
526
1729
2075
8474
185
6067
7886
7533
9863
4948
7975
5683
400
5630
3868
8770
6787
8525
9641
5356
632
7254
4453
7413
7182
4314
5269
7478
3293
3971
1381
171
2052
3456
8646
8589
9524
2884
6123
5739
4184
4098
1422
4584
6080
5290
3354
9219
167
9348
928
7151
2954
1733
4564
136
6048
6186
3966
9341
6509
5348
5864
8562
5156
4510
7151
1032
3746
9626
6771
7931
76
4545
2515
6157
6187
5870
1728
6354
1570
2656
3506
4524
4390
4422
4661
6790
608
4979
2483
7118
327
8347
2032
1836
2858
9183
2868
2956
5162
5992
887
5238
537
3403
7747
6725
5625
9476
9431
7195
8484
2937
1719
9226
7360
2732
6016
4320
4064
8499
1438
4391
3199
9822
2579
6057
9006
1800
5365
520
7792
6253
5758
4681
6008
9858
7758
7985
9334
7190
1532
4170
127
9603
9749
3839
8688
5765
8160
2752
617
5950
7143
3816
5773
6075
6225
1131
7875
1590
1651
2019
4195
3761
6700
6555
3619
4459
4540
9305
8001
6072
9828
8128
2028
9577
8320
716
5342
2832
3468
2311
8782
6963
6127
907
3038
8704
2038
7265
295
41
9284
842
3803
2337
7398
3774
3148
8290
3080
1149
715
2908
5629
2743
2485
301
3459
4179
3133
6927
6491
8268
3890
8970
9175
6929
7675
7566
4194
4322
7607
9831
5164
7762
2168
8914
1537
5316
7205
969
2817
7920
3877
8446
663
2714
8748
4122
6893
8233
7401
9736
6501
1291
8707
5677
8220
2734
3243
8767
7056
7202
8598
8572
1317
766
3839
9206
2434
1044
175
5251
5316
404
49
2331
3118
5149
2805
6363
3383
206
6100
9884
1497
1159
1913
6070
3893
1508
4837
7301
5063
9787
2225
6380
553
6064
5586
9339
3460
2113
942
5128
2517
991
7459
1987
2493
6616
8350
2228
6822
802
2112
4672
1961
378
742
2206
1886
1931
9507
6949
1718
1733
9681
8623
4149
1619
7962
7610
3732
5256
2738
6249
2599
6550
8236
5092
3166
2939
7320
6341
3741
5785
1013
2055
2515
8107
4261
753
6390
121
4055
4460
8206
3736
3083
2355
5356
7397
9965
5440
2653
9056
8042
5252
5606
2630
6697
5124
5569
369
1465
5663
2506
8830
7718
5021
3289
8331
5775
9679
4804
9830
4139
3010
9918
3574
5366
1626
971
1683
7067
9976
7091
5109
1581
2697
7739
4630
7822
9661
4999
5639
5324
3858
4470
9394
5231
4111
7725
7358
3791
2530
7188
4282
1892
3459
7857
7258
5085
5180
5294
8504
1509
2385
9965
3090
1435
4057
4072
5609
3718
5423
1248
5394
9281
2070
4788
4513
6182
8865
1871
6325
7747
5412
607
9640
5223
4816
3250
6660
9997
8544
1517
7858
930
1482
948
8717
1891
1372
4326
1961
6795
1926
7355
2429
3997
8495
3294
6531
3713
1517
9208
1460
6929
9815
1100
8504
984
4351
5165
7333
9247
6682
5191
6529
4516
2491
5246
2760
3863
9572
4721
658
7851
8429
9439
8200
3276
2733
4731
6989
4251
3939
8450
7532
106
9550
6037
1090
253
7554
4775
9501
588
9966
6030
5104
2457
7629
4216
6320
3553
8938
3331
1404
3719
2770
9604
6995
5504
687
3985
6107
4626
2435
3639
1085
8337
9676
8527
4943
7230
3303
4444
4170
3269
6826
5627
2079
4455
9843
4751
8009
8781
4434
5765
8852
3557
5370
5848
9061
6057
9833
5168
7036
8620
5159
4473
6957
4836
3000
8252
8418
2655
9048
2589
2277
5875
8216
4356
6682
8059
5459
1043
3193
9894
6809
2045
3451
2179
7893
8864
4588
4078
384
1624
2698
5543
6097
6008
6731
5450
4260
5150
8105
3309
7739
6734
5536
2307
7442
8570
6718
2902
9614
9911
2796
2775
8309
2599
1306
2554
1463
5894
6633
1847
3871
5683
3742
9968
1691
474
1770
2304
5624
6228
1965
9715
2962
7501
8374
405
2423
5092
3307
2037
1356
2455
1164
9665
5054
2470
2219
6517
4717
5204
4716
8588
888
4810
4908
8931
5284
3031
1235
7260
9259
3200
3327
2221
7053
1701
8978
9477
3146
2285
7866
4502
1092
5383
519
6146
4205
9090
9015
8922
4295
83
3862
1535
4894
5123
466
6530
8154
1702
143
3765
1254
3470
2338
4660
1524
1317
4137
4670
9954
8355
5524
1047
3738
6043
7193
7944
1485
2561
3218
5780
2644
3433
7315
3890
8556
7782
6773
3062
5836
6916
6827
3442
6738
5517
8102
8262
6834
8591
9284
6789
3299
1160
4188
7037
3555
1381
1333
5041
294
904
7173
9291
4337
4489
9533
2893
8623
6306
2307
811
3222
9134
4253
6313
4651
8708
4575
7838
7299
212
979
598
1372
5167
3988
4928
6548
1673
6321
3195
2577
3494
2486
6914
7983
8371
9807
2958
4678
8466
121
4252
7600
4375
565
8604
9435
1493
2794
6734
1705
3773
3685
9429
8940
4025
709
1840
5698
7030
5035
8276
525
3873
1542
4860
2245
7702
4171
3275
6168
4292
7527
121
8667
4445
5077
4454
5938
7871
1189
3995
1644
1226
9776
584
5251
486
2424
7301
3868
3812
1929
4393
4037
3472
5606
6282
1174
9777
9557
3694
4069
3437
3815
9089
7882
8892
3543
172
6763
1084
519
4759
8662
295
5343
265
7133
4120
7567
1002
4284
9496
1747
8321
9320
7353
956
6846
3482
6865
541
3904
6654
4356
9345
4536
3249
2888
1060
6364
325
1579
1124
8987
1875
2819
9253
9008
3291
3172
6362
3927
9020
8110
8601
8341
1815
9557
5187
5298
2774
5728
9202
9429
6437
8547
317
6038
7787
1378
2402
4464
2957
9878
3452
1184
9050
9057
6545
2341
8581
2907
2621
7601
7369
1222
5942
9185
779
7482
4483
3553
9562
3685
9334
5999
8584
9652
8389
6371
1030
7144
7188
339
7022
640
7876
6072
6049
4421
4766
982
3680
7387
8583
1050
4961
878
235
5740
4712
1070
5645
4274
1107
4980
6626
9691
984
5015
2414
2014
2159
9602
8705
5534
6594
6581
7958
8995
7354
9076
9977
7387
6463
4913
4789
1424
5791
1376
3516
6855
2446
5514
1129
3553
6846
4107
9596
7830
5475
8362
6196
7634
4317
1253
9520
7263
4187
7479
2611
1541
6555
2588
5280
9371
3853
69
7147
5996
1445
7016
2851
3891
2530
333
3796
5728
4440
9744
3558
9915
4459
6106
3902
8776
7359
3422
2391
1546
7253
5002
9440
3809
3943
4720
9532
7796
4790
6679
3793
2587
47
6644
2831
8929
6977
6627
4657
7770
2724
4567
7685
7183
7025
7939
2311
4385
1362
4702
2283
4967
6057
8075
5128
0
2796
4660
7796
3938
7692
7941
6525
7739
4586
5708
6669
7915
2336
7678
5685
1412
2246
9723
4947
9271
7662
7258
8
5376
8312
8644
6696
4369
6719
1824
721
5867
6485
8518
6157
529
6459
9035
4620
7397
4743
7641
1665
7079
5320
3702
4843
3918
9777
9790
9541
3792
3400
9550
9168
8065
8194
2216
2434
1265
4041
3156
7133
526
8026
3290
7407
837
2325
2027
8235
7069
9669
6252
500
4989
9954
1696
5259
9732
1486
4800
3524
1239
4350
9044
9304
8896
1261
8090
6514
5302
7598
9999
2180
5624
9641
5939
2814
8319
7966
7401
1740
7635
3653
2240
8976
9959
288
587
9691
8127
5388
9567
9366
6090
4964
5022
1339
2577
3112
7853
7879
7063
7852
6411
9039
7493
2350
1853
5812
6668
9254
7552
656
9259
6145
5984
9219
2785
6572
5262
912
1960
4830
6630
4402
6146
1652
5741
8723
4765
3594
2954
1828
7798
9365
867
1644
8067
9073
7456
1087
8327
1361
1743
7587
3858
7728
6806
6643
652
2068
3908
8964
3250
538
3366
9396
2191
9108
8119
3308
9054
1073
1488
6853
6790
8707
8497
1209
7780
2305
2297
2460
18
392
47
228
4472
3205
6872
5124
1625
780
440
1228
7670
3807
6976
9861
9267
5096
3169
8321
2521
1009
1526
5664
9717
23
6873
7497
8681
5522
9957
5051
2267
6356
5280
6739
5913
2152
8216
3891
9284
8656
5119
6954
8815
2095
3168
8082
3543
2689
2756
2417
3699
4282
8081
3416
4306
1306
7265
9339
6829
3575
4390
9096
6283
9670
2187
8549
8174
6755
2440
3810
1764
3911
765
6931
2358
285
5014
2254
2974
7770
4671
6673
2052
2752
6441
2710
4058
3707
8401
7239
3634
2792
2687
9917
8814
1227
8466
6989
7982
7258
799
6098
1169
7916
3030
9880
8201
4396
2134
7528
2166
6805
4201
570
5909
6995
9633
6319
702
8034
3559
4336
7178
2598
605
5993
3825
9072
9334
8160
6330
133
4258
3852
4402
7288
3732
8955
1684
5866
6483
202
9023
7037
7125
4932
4032
6758
7603
1086
1144
1162
1774
8323
113
2379
4316
3938
1451
3650
2098
4134
135
2709
7986
889
6349
8070
9845
8034
288
2680
4588
9311
9717
1713
595
101
4823
8198
1187
5968
5713
2961
4291
5826
5341
4959
6116
3144
8609
8215
3630
5096
7276
7968
5986
3625
6038
2183
8011
6326
1215
2600
1989
933
665
2584
7386
5489
7135
8574
7809
2848
7887
2100
8674
9580
7059
1142
2725
2020
5709
2707
7116
2985
676
9454
6611
3066
7989
974
5745
9205
3574
7734
6490
592
6671
3876
2433
3806
8802
242
6654
6690
2342
1680
6270
5753
2822
5347
7773
8532
4407
1241
7869
5083
7048
4480
4501
5037
5455
6598
4242
5381
4333
7084
2325
7356
961
4758
1162
9763
5000
4168
2805
3694
2200
9076
9447
1374
775
3572
6258
5182
4814
4128
6617
1862
4960
7471
6899
6767
4069
7494
8501
8402
4578
826
2110
1891
1937
3272
8007
3289
3792
812
6984
5992
6240
2783
7367
7016
6356
9977
8550
1170
4105
1520
3032
5418
8991
6283
2185
3060
129
7038
7815
4708
7865
9925
2951
6154
9550
958
9443
3342
1771
6427
5687
8011
9211
3054
1379
5567
9383
9930
3089
9841
1450
2473
5259
6793
8756
3796
9853
8886
835
4020
9946
5052
3946
2897
1206
9848
3856
649
3190
1979
3429
8877
9990
2640
8283
7722
4559
7667
4004
4000
7508
1806
6473
9119
8599
1581
2915
4804
6819
102
8825
3117
5154
9123
6015
2712
8971
6223
3362
2161
4554
3143
7391
896
2135
5674
8618
3046
9693
2622
7046
3553
4428
9871
2672
9379
1452
1940
4184
8272
8394
3009
1389
3549
8484
3756
2613
7455
6331
2327
5968
885
5470
3359
1782
7605
5386
6752
651
5079
9375
4049
4985
155
3920
4009
9535
5373
5949
71
9997
4344
9432
7738
4245
7916
7847
3210
5371
530
5538
1339
1416
1008
4699
9550
4966
85
6302
1969
1516
2029
6019
6501
8537
9939
511
8072
1664
2812
4495
8013
3508
3927
5752
4105
1843
9951
7316
7214
481
9206
4905
1897
6566
5956
7799
1532
2393
454
9854
3910
2483
5873
6763
1020
2164
3626
5444
181
2791
9939
8194
6299
218
298
6757
2061
249
425
5627
731
9631
533
8980
2549
6489
6780
4082
8883
3586
288
9145
6069
2513
5908
3442
4677
5887
8886
1210
8678
5178
9405
1329
5396
9703
8086
3810
6305
4863
9437
7036
4494
6322
2368
7044
9164
5500
7478
4399
9086
7766
3544
5156
279
5804
8598
1308
1691
3836
2519
6721
5366
8276
8051
7115
4331
2489
925
636
7353
6714
4024
8199
3037
6393
1595
2201
1893
5425
2952
7332
9543
6496
2488
6174
8652
7438
7483
6696
7626
6354
3417
2993
982
1468
6460
5313
310
7385
2302
7663
4099
2678
5862
3488
9071
3810
2041
7317
9235
4993
4649
8779
7841
3489
4953
6494
7279
8788
3190
1257
5142
2959
602
2476
780
7062
7790
1090
4447
6444
8753
4899
9122
967
8387
4546
4777
6781
8215
4013
1774
9216
9144
9616
9057
4097
2462
2688
2886
5652
3945
4380
4963
4548
6857
5743
1610
999
6833
2410
7443
5586
3661
2917
2906
8400
3815
4035
5181
8382
4400
3308
7598
3544
2924
6655
7642
1738
9343
6880
7390
9641
1260
2353
4189
4469
4449
2151
5468
1282
4561
9263
6869
4574
8533
6127
2975
2348
162
8156
731
4563
1464
4681
8107
740
7689
2101
2478
3384
5333
6220
3025
6594
4926
3566
1063
9375
5718
2884
657
6631
2147
3878
1206
7032
6357
4181
9381
6520
8689
6464
7435
6506
1145
1894
3598
8834
3996
6077
8571
9329
8649
1596
2275
9927
5163
9691
5654
881
2575
2664
3864
1074
2894
5070
8107
9252
5603
3840
2124
4293
304
9559
7151
7801
1453
749
2988
1801
3178
1559
7483
8180
9507
9758
8107
4670
9449
114
1903
8376
2778
5768
5803
5672
7190
3910
1276
2794
4102
3400
3439
758
2959
590
8559
765
7691
7899
2566
870
5810
49
9050
5318
6160
3509
9988
1961
3623
8244
338
6401
364
6141
8426
7554
6403
9702
6700
6857
3103
139
7615
2414
7081
2526
3179
4773
426
2098
5643
6236
8499
1045
1554
4659
4554
7895
2973
8178
2491
3311
4579
2855
5804
3005
409
8559
2708
3462
5416
2163
3601
3031
4577
7035
1909
4109
1808
2335
2559
3803
4924
7410
4848
2830
8422
9402
7077
1395
7580
9568
1058
8512
2423
6862
1517
9185
1773
577
2647
7189
2740
2600
6572
3670
9635
8481
4131
7795
7169
3042
1598
2093
452
6446
4923
8874
2201
8353
269
9781
7921
1327
8293
6697
4541
6163
5882
6314
3092
4881
3503
2185
7481
6427
5855
3469
4909
6338
7616
2078
9380
9215
523
6184
2013
1798
5059
4214
151
1680
348
8073
9360
8641
4770
3901
1156
7004
6568
4249
1885
6423
6434
5718
2851
8641
5539
4112
4979
3156
6190
711
8723
3065
3247
736
4863
8306
1303
1367
6339
1651
5792
5699
6644
6914
5952
7801
3918
2520
8402
2155
8944
4836
4225
1795
3477
6117
2259
4808
9273
8449
1871
4348
7866
5118
5084
9081
9777
6387
448
2468
4390
2592
8167
1035
9506
471
8836
9776
2992
3590
8283
8288
8426
2509
6435
8255
4978
8694
9415
4251
3495
7638
8599
1361
9108
35
442
5237
2775
7243
7705
7165
9835
2224
8200
9342
2696
3388
5470
2040
6978
3754
328
1756
2615
6763
11
7593
5457
5778
1844
5304
3416
6795
6665
8877
3182
3459
4114
5957
7054
1820
3123
6890
4044
7675
2584
3092
1064
8054
5132
4394
8160
5460
6151
775
8575
2514
8368
384
4645
6564
5688
4413
9711
8705
3290
2894
2165
7405
5203
9219
5577
4678
2461
5973
2354
5045
9066
9770
9452
550
516
3964
6011
6667
4740
938
5534
9460
1323
6531
6025
7011
944
2088
5717
587
4982
4234
4344
186
3453
9921
1216
5915
2246
3570
7312
7664
3340
3116
8215
3857
7081
4226
6876
8173
5164
8762
7633
2839
5293
3658
9851
2590
5747
1920
3177
7081
6154
7521
3619
5959
3794
4836
1874
6040
4758
5539
3705
4451
5007
1920
4660
8440
2498
1536
6613
4014
6651
4247
6854
8296
4257
3057
7238
6356
4977
415
9790
1131
4288
3409
7090
8082
4597
5317
475
9356
7208
532
3807
8567
8804
8467
7008
1302
6355
3621
1668
9358
4220
8522
7655
8478
1579
4893
1186
2908
1661
976
391
5949
4386
3834
384
8983
5503
7211
4691
2711
7743
8498
7630
6547
3317
4638
4201
9673
8260
5869
9031
8832
744
3038
7310
8675
4284
8497
1584
5945
9473
1975
8246
211
2161
4982
5547
7664
2193
238
6727
9936
5089
4358
2835
4758
5348
7036
4431
9960
2906
9815
8793
3650
9205
6103
2325
9841
952
261
2138
6778
8589
385
3341
750
1719
8888
4767
3913
5479
1494
3849
6920
2204
6685
1678
7553
73
2462
7513
2979
2277
6306
2981
7834
8762
1659
7676
6066
1920
9814
2844
6861
6551
6186
7612
8271
1426
8731
2184
3257
6577
2385
177
8782
5422
1856
2687
5496
4318
6552
4827
2947
9211
7809
7133
7973
5820
4809
391
7740
976
9588
4602
7527
2126
8566
2150
3552
3649
686
6810
226
3072
3339
5360
4846
1547
8047
342
5865
952
1522
5164
163
9331
2298
4488
5151
3459
4879
9243
787
4467
197
4667
6593
5115
6817
6498
8764
7504
9660
8991
6928
2999
4351
8126
4547
8751
4821
6764
9703
6343
8281
9866
5674
6931
4354
7177
390
5585
2772
7530
53
2970
2197
2998
4437
9014
9496
3202
2870
9156
2193
6150
8508
2896
629
9407
1647
5450
6171
7702
1793
804
7568
3819
7735
8274
996
4478
3860
120
2008
265
9442
4205
3263
3880
9571
2760
7082
8794
8268
5627
1296
3128
4875
1925
2535
6523
7375
5059
577
9168
5863
8146
9339
3599
2772
6687
8077
6632
6808
6437
6897
6250
6994
6513
130
2917
9273
3564
1711
3893
5543
9360
7022
419
1285
9557
3294
5013
4616
3871
533
6832
8369
9873
431
1142
6560
4860
4126
3368
7649
1024
5971
4643
7537
2453
7560
3162
6018
5624
3407
7913
4984
6781
8332
2621
6339
7978
3986
7307
1850
4520
4139
6571
745
922
7713
7305
2134
1840
7026
9783
9216
2997
4426
3105
5450
8339
2619
7820
3963
2378
2086
5299
9160
418
7920
1851
4749
8259
5510
2951
2779
9650
9522
3524
6924
3588
7181
9059
5428
4207
8842
996
3556
9621
453
5359
7960
9424
9531
8275
1802
1617
3574
962
8388
7846
9165
3137
6105
4676
6088
5236
678
5610
5112
7602
9198
2294
3013
978
2853
8208
8326
6410
7829
5131
1769
2141
4555
1300
416
2710
2918
3990
24
7658
8188
9190
795
4294
218
3235
5882
896
8845
995
4850
4396
9641
7864
1726
2494
6072
53
8904
253
1536
7025
2394
6092
8326
2810
5154
7596
3152
5178
5254
1340
720
2401
1986
938
5636
7869
1834
4481
5216
6685
5229
4857
901
6956
7351
3325
3361
2608
3578
4897
9633
2324
7341
4311
5134
8847
8259
4638
4026
9865
2330
4746
2266
4317
2037
7902
8538
3871
8736
106
6908
3965
4963
4161
7273
8666
7486
6986
7626
1064
8236
3612
9740
1929
4275
1226
777
2535
5864
4803
2400
4547
5901
4667
8864
4290
2569
3754
4514
7657
3860
1422
1623
5175
5584
5248
193
9422
2235
7820
6839
6823
1432
6579
8752
2059
7806
9529
4594
22
684
3347
4569
2938
8014
9785
7228
6935
9891
1742
945
3751
9517
8920
5278
1453
4168
5472
875
2755
3292
7714
9578
1076
646
8331
9487
8452
4212
4082
4826
4897
7429
9396
4187
1795
9181
1415
5082
9073
9510
6027
9176
9027
4947
4455
480
5468
6279
7707
8223
5923
5422
4154
3351
6068
2485
2838
872
3049
6920
5698
7946
701
1446
2133
8848
628
9901
283
6053
9411
6310
1581
4790
7610
2388
5270
3078
8667
2977
7653
942
4751
1807
4293
7171
644
7132
4395
3694
404
94
7992
7458
1540
6478
6306
8520
2731
2941
925
2142
5604
2507
3284
3214
4895
4906
2644
9915
7883
6649
857
8987
8457
5151
2510
5453
8635
6906
5499
9039
3352
3492
2849
4892
9970
9156
9765
9053
2097
690
1195
7701
9549
831
7267
797
5737
6263
712
9972
2913
7921
8959
7722
9424
1470
3175
8059
8376
8675
3451
1728
8519
6300
2972
4841
1808
9089
3894
258
9780
1441
4311
5681
2272
1579
6478
8009
4194
7190
7981
7107
1464
3293
1181
888
4763
709
8948
9491
9384
8751
7571
4255
5051
6895
9096
3212
5985
9342
3470
2117
783
7781
7798
3055
5712
4277
7416
9907
7819
5397
3366
9283
8690
4548
6524
9805
5257
5472
5648
993
575
3219
1600
5626
6467
696
8838
2452
38
8660
921
7173
6442
5071
6580
8506
9348
3996
4765
3520
9393
8132
9155
4436
9032
5679
593
641
7503
6242
1634
8078
9461
9586
3705
2280
6634
8895
4732
6672
3908
2005
197
6702
7077
6777
5208
2777
773
9974
6297
6518
4458
5453
7306
3490
1132
7900
4131
8636
4142
2117
3066
9955
1703
3123
2236
8337
2019
3320
1361
2279
5326
7910
8981
8755
4687
541
1532
1812
515
7830
8330
1325
9635
1989
1167
7119
9889
5298
2107
4031
3767
5174
338
1822
8297
2574
6511
6668
5895
4224
8947
7573
2134
4280
6328
3173
4822
7860
4985
5337
2042
9668
3015
8029
1657
4182
5149
7898
5833
3608
8281
9600
8782
8619
7775
3432
1194
4286
100
3441
4863
5400
7366
6997
9680
3694
171
4502
7906
1508
6192
9949
7528
9207
7978
9185
9741
9479
3435
5574
3088
1716
1527
1870
336
9302
5302
7882
9940
1755
7675
4803
7155
5041
1801
3187
8735
8324
7690
6641
6184
234
2942
3713
5793
921
9250
5534
400
2686
1109
3488
754
2636
1711
1090
1938
3365
5324
8230
1472
2999
3034
4979
8040
1187
8167
3127
5863
2209
6121
2047
8795
9063
2112
4588
6336
1363
122
3089
401
7583
2929
1155
6571
4640
8598
4861
4358
3922
3092
5830
3274
6126
810
7666
7313
5329
7146
3176
7538
3267
1575
2685
8682
3688
7273
1371
1403
3747
4460
8156
1331
7389
9311
7902
8382
4261
2764
9092
4536
5856
1274
7810
1982
2084
1828
5647
3765
8974
5175
7655
8593
6750
340
7276
6790
7613
4999
8193
1361
9459
6349
9044
3200
2013
6946
7934
6274
6062
3378
7162
8270
4653
4972
6604
3089
3153
2251
6855
2127
7426
862
7073
529
1203
701
7319
5168
5700
1865
2881
1511
8214
1925
4711
6579
5224
8998
9206
1286
2376
6368
9557
7029
7693
2513
119
846
4765
3326
9325
8543
4188
6398
5424
1743
7099
2744
6912
9151
4609
9793
662
9175
1719
5374
5755
3295
724
1313
4581
3100
7681
490
6482
5374
3004
2953
2572
4121
2631
1898
9016
6819
4648
4441
8563
8100
7185
1827
7251
8146
1620
7914
3673
9691
9640
5780
2986
364
7093
3920
9816
4775
4410
2650
6501
3766
5603
9074
4239
4586
972
3256
7758
5620
7697
2673
72
1234
4500
7324
9380
6120
5238
3053
5812
1230
8834
8798
7946
2279
2718
7762
7054
3481
6765
9908
3599
2368
8982
7839
3307
6306
1095
1065
8278
8792
3738
8351
26
8238
5675
5758
710
7265
5163
6522
8495
349
1673
6441
2629
743
555
6035
576
7320
5943
4176
6041
4925
8367
9348
7583
9462
413
5862
4606
4151
4213
984
8741
6240
6742
9451
3505
1905
2326
8352
2255
351
4793
1236
1094
1700
7271
8023
9021
3215
2199
1414
4492
566
762
8428
6380
7527
4290
7338
8030
8503
8322
3123
1095
1416
2574
4600
3321
4900
2952
1928
5251
4097
3164
2698
2149
6788
721
7522
6355
9272
8936
7199
6190
6050
5627
8922
3577
9917
6260
7959
4772
4582
1082
5867
5998
9
6819
5671
1261
9771
3952
2865
220
3468
5563
2370
256
2636
9892
2963
8260
5181
163
802
1231
5790
9724
1161
2060
5984
5472
6832
6918
6555
9052
2916
2916
5871
4939
4177
1995
8891
7042
8567
2360
8957
937
2616
7945
7182
5580
6205
2363
2095
3359
3594
4237
3083
1107
6297
5419
6580
9482
2337
9487
4886
5253
2403
757
193
6580
9104
5436
9975
7672
7796
5284
4961
6765
3230
2143
8697
5787
858
792
9147
805
5029
2230
1912
7679
7650
4844
7161
6339
4331
2047
1593
6734
9156
8138
9667
4613
3574
5994
2285
7723
1278
3598
4488
4508
5742
3185
6648
2952
329
5795
3757
1710
4377
2022
9389
8379
6866
2902
4719
1198
1301
2664
4284
6810
802
3951
1423
728
9945
60
8451
7576
3658
2939
2084
5752
2476
8732
8705
2805
879
2462
4516
5257
836
257
3636
7703
3160
4707
5253
4461
7371
9537
1271
8173
9841
9046
5254
9786
9106
3705
3714
2765
2997
5799
8517
1825
883
7222
983
1763
6037
5499
3372
6873
2108
7008
928
5268
1716
6181
6082
9087
5719
3705
3613
5560
2752
5219
1698
1858
8924
5413
4623
8273
7564
9493
6451
4799
3067
7434
6562
9104
9285
9934
2330
1393
3295
9610
6662
1363
5792
9096
6802
7863
2801
415
9775
1905
5634
7825
3764
911
9590
4739
5536
7154
4232
1987
1954
3652
9421
4868
2756
8706
4803
1438
6452
4450
7401
9466
5813
3193
8562
2615
7408
7715
9383
7183
9621
1369
5008
3385
8632
4599
4476
4169
8105
5061
2508
6411
8713
8282
1280
7821
3340
2435
5612
9792
6885
3013
9258
9050
2558
4172
1665
9966
1888
7400
3501
1509
8770
4861
1246
7402
5812
2074
7923
3918
7135
432
6681
2200
5066
7961
22
8406
6748
1986
4551
9985
4999
161
9035
3909
4334
7053
3875
6222
4453
3728
4083
3223
8589
1681
6978
4402
3755
4901
4672
7243
1685
7705
9443
3103
2019
5817
1510
8767
7803
2413
8753
9154
2574
4140
3063
6908
1193
3290
9482
1999
7018
9917
5222
1960
1598
8552
2714
1706
3454
3738
8949
1491
1443
4744
4595
3462
562
2457
8582
4717
4870
3687
224
3796
7827
3287
7057
5373
2930
6539
7372
9948
2809
8946
8260
4407
7499
974
6113
7305
4712
1414
8796
2508
6159
9743
5970
3073
2200
904
7790
3422
4591
4366
7219
2419
7654
4276
7792
584
7167
5164
6884
9976
4110
5145
736
1609
2471
3201
8914
7184
4616
4063
6044
775
3806
2014
3848
6007
2919
7990
5781
3862
2357
3000
6281
6363
3628
425
3299
7148
5589
183
7124
6052
1680
4212
4013
4152
7414
9280
7688
2030
3343
3732
9157
3501
2098
9357
5860
1369
7347
1642
5232
6056
994
1513
2419
4623
1939
2070
1771
3880
8606
5247
9932
286
5812
298
790
3226
9578
8478
1608
9273
8562
765
2774
661
122
8635
2030
3821
6629
3614
6230
7623
5128
5001
2246
3419
7072
369
3651
5678
1969
9936
2316
7781
234
3107
1007
6164
1585
8967
5437
6500
9732
4563
7161
6206
9550
5543
6379
6179
9158
8961
3803
638
3963
2401
4057
7387
2771
4060
3065
4740
3996
5381
2521
4230
4840
9880
394
2778
8847
2183
9278
4931
6747
6439
7489
6297
8334
3868
2477
7492
2830
2632
8130
3145
5033
8539
532
7804
2600
9949
8896
6596
5330
1417
7179
171
7649
7573
2949
6496
9757
2227
7779
2856
5018
5268
9153
3352
5489
7982
7197
8319
614
5327
7816
5648
219
8348
9804
2819
8297
8701
5767
9979
6470
2946
6502
4120
6872
5803
6968
6629
4382
4748
5837
9400
16
4990
9105
5505
9325
6302
176
9939
7981
4344
1939
8200
2692
1744
7371
7341
6797
3139
3673
9619
6085
175
3739
2957
5979
7060
5938
361
1808
1775
6114
8176
3118
1571
34
2443
7873
6562
2382
5854
907
674
407
9951
2418
7778
3645
5567
917
7318
5186
3355
3845
5278
6312
6176
2338
8603
6538
498
378
9004
5026
3496
575
5060
2291
4800
7975
1026
654
5234
1700
7413
5185
470
5192
5182
6037
2461
2500
1223
5816
2698
2853
8481
8874
5191
7084
1764
2041
7462
768
7068
7311
1343
8480
9602
6143
2807
628
3150
8041
2328
6915
3227
9150
2107
4761
5187
921
7262
2763
6737
6312
5616
1570
5186
7160
8654
6951
5553
6117
7719
2621
9780
5415
7454
5734
7910
261
6363
1060
8303
5043
4328
7882
4194
6435
2643
5733
3708
6257
8496
6798
2569
465
8368
7756
7625
7023
1059
9530
9492
8778
2152
9272
545
5958
5006
8456
2571
7721
5868
7226
9117
196
5108
3311
2984
4104
9044
6692
6713
3893
3490
5635
4358
1859
3391
8335
5234
802
7865
4726
9580
6369
350
126
8679
1708
4934
1251
9430
802
8477
4899
999
9938
4562
3983
394
3606
7027
7107
3851
518
2742
4561
8729
2485
9248
3963
3287
7114
8689
9220
9835
5391
5698
8515
7099
632
6118
2881
1434
4595
7780
8785
885
2342
9120
1279
2301
6148
4739
2504
3018
3833
7066
1747
6319
6314
2062
5958
9780
7103
5178
5968
2494
876
835
9593
7860
6953
8827
5647
7900
6607
4432
8786
5302
9905
6417
3955
6053
7508
6459
5423
1342
9877
3522
7661
6192
5584
9971
2324
2687
5150
4644
5181
2378
5479
1126
6591
2432
9953
2238
6685
2913
3022
1823
8215
2927
4592
2170
5332
2101
4981
755
3443
4859
4277
7456
7403
9861
7427
9727
8900
8929
724
4081
1308
6203
5208
4251
4988
1513
6489
1673
4426
9511
9848
2641
2439
4440
1163
4123
6541
6145
4879
9984
7356
5508
3792
4759
1722
1220
838
622
149
1562
4704
7809
4118
6264
2060
9106
7777
4901
7131
8556
4413
6979
7549
3204
1419
8713
3679
7961
1210
8558
4297
4918
419
8090
9677
2141
5662
6867
2763
5811
4782
3819
9973
8900
6435
8385
8006
565
3287
5137
9121
4052
8468
6670
3608
9887
1735
7287
4200
2945
2198
4850
7863
2617
9292
3892
4758
4954
760
3873
7117
5542
7693
7090
794
480
1828
8800
1045
5115
289
166
5519
8757
6837
9127
4996
8572
2766
9197
7870
4964
399
2085
3933
9691
5978
5043
4645
3090
8917
8114
4984
2962
1557
5778
3442
3385
930
840
8500
1219
1006
4019
6328
4195
9498
1324
9120
2264
6873
6990
7229
3624
5427
1162
3315
7757
6206
4312
847
1475
2427
2183
789
3984
4313
583
7369
5243
1423
2221
2814
2430
2592
9142
2977
2090
6819
2097
4354
44
5439
1583
3669
867
9098
3336
8624
1656
7649
5824
9483
6428
8007
272
412
2321
855
4133
3916
8631
6354
6731
1061
5298
2225
390
7388
5396
2488
1742
5441
7927
9678
5462
5146
5128
8798
3771
6784
6447
5947
2619
2875
3954
9243
9639
2627
98
124
2896
5081
2830
5979
2494
8128
8204
2885
5516
3601
5373
7259
5394
9652
3289
7208
1151
8417
6006
4922
1553
8806
869
4172
8033
1175
3415
7673
155
9865
4149
3051
4947
6980
9030
7441
5108
3586
326
6977
3539
2051
588
5285
8056
3877
2493
9207
2294
8500
481
199
7306
7702
4371
1691
8877
4138
5716
9032
4003
9866
8435
5302
6846
3817
2744
8306
7404
9422
5283
943
7826
5871
6229
2234
6100
8722
1441
4746
3574
1922
4945
7232
9624
9316
8924
4853
9806
4640
238
3810
858
5025
5464
7704
8843
4560
2363
6247
335
3998
3542
8161
9870
6123
395
2322
1198
8188
7069
4772
6462
2014
8357
2438
7683
3633
7291
7489
8273
3881
7651
9132
8907
3116
3188
7750
4028
5551
349
4363
9550
243
2524
5772
6367
9271
4446
7565
7459
1515
8689
3921
9882
7046
2711
7565
679
3
1406
5305
236
5410
789
9143
4878
3977
3245
8906
5881
3594
3270
1783
3838
2146
3907
6557
7770
8353
4122
1581
9869
9163
1855
6103
6210
4566
3668
3241
921
1426
8546
1158
6836
9335
301
1714
9665
3547
6973
1898
3493
243
3681
3683
8741
7588
240
6511
5941
714
4445
2162
6230
6300
8265
2440
866
8285
2033
1788
6064
580
2946
2900
6267
3247
967
2284
3146
7940
4182
2992
4535
7863
6675
9628
1803
3268
6140
4097
334
585
6259
6564
3237
877
5356
4103
5514
7390
2243
1578
4322
5189
831
6941
4789
8150
9226
4287
6090
9760
7279
6977
3976
307
6605
5779
3575
9097
9876
3909
6034
2488
6826
9271
9717
2182
3375
5231
5924
1970
3162
246
7160
345
3540
8301
8495
9118
2588
937
8878
9868
7914
2854
175
4519
4986
102
3617
4862
363
6003
3702
7189
5275
3419
5724
5002
5003
1648
6972
8165
8247
484
8510
1787
8785
3357
905
1374
4294
6135
7594
2208
8990
7769
3079
3976
4223
3048
5190
4586
9052
5245
1776
4327
8664
3852
5681
3667
5500
2653
8184
3747
3138
3046
1886
8275
2755
9143
9649
7049
5279
7243
9257
621
1364
8689
4597
5587
1737
6139
6526
789
1384
8302
1468
6401
8506
7149
6420
4006
9803
4605
4106
9293
4003
2344
7568
6759
1488
3570
160
6767
7165
5770
7388
8530
4459
8337
469
6196
828
6995
6986
2213
1649
8454
4966
155
1956
1386
4162
8111
2343
4620
7404
6347
6964
1324
9458
8452
1246
9618
1571
8412
5388
5311
6942
6199
3648
3763
2396
829
759
5734
9394
2408
540
4360
2564
2496
5746
3078
6959
8090
4050
715
789
1014
2040
247
5819
3286
6217
3742
8050
7958
9054
4992
4157
9054
8756
2905
9883
5867
8639
9277
4627
5532
3637
3543
4380
9384
6621
1340
3826
7023
2055
4615
4390
447
1214
209
86
3783
3951
8136
1741
9357
9481
2251
8412
4589
5156
4647
456
148
3925
5083
5680
3914
8627
6412
9650
1600
7752
3476
8624
9808
4443
3014
6607
5657
9575
6693
5793
9878
4830
7534
9236
4311
9785
4000
8900
1294
8647
5708
1442
8924
791
3474
2839
5770
9886
8841
3723
7639
8670
8699
3799
3113
8065
406
5123
7640
7100
916
3870
8282
4802
3106
8945
940
7106
4197
2234
2106
9905
3676
1030
7048
7150
221
9171
7036
5415
2894
1027
4085
1593
1178
3550
6010
1585
5025
3650
5037
2293
3872
9671
7096
6979
8616
8036
437
2813
6622
8895
9070
298
6278
6118
3800
2851
5289
7188
8266
4535
8216
2351
2480
9394
2254
8490
7331
7279
8492
8720
9573
2365
8391
3021
5696
7007
1057
6133
6172
7679
1381
5242
4329
7659
7713
8129
510
3002
1669
8777
7538
9885
7480
6370
5632
6086
4861
9315
3366
3353
8036
9291
5718
2779
2312
7766
6139
9721
3900
2311
3752
1633
3906
8081
9292
1619
2562
9802
4621
4231
4931
8511
469
8764
4882
2453
4850
6095
1768
4568
9448
9804
3859
1519
2584
2523
9285
8723
2244
9537
7386
2348
1170
1292
429
6814
2911
9343
2969
3885
9927
7900
8748
396
3016
3630
2849
4219
9725
969
5139
5526
774
5351
3397
9710
7874
2682
4785
6471
8572
8523
8819
6094
9816
5601
2909
9079
4944
5878
9316
4871
130
8065
1619
3147
8047
820
3718
4125
1790
8857
9651
8916
4208
9400
4978
2083
8434
6115
4906
7006
4638
3725
3101
806
9326
2362
6238
623
8240
5554
1846
8370
3619
9818
7869
1667
638
1587
2144
8780
445
8147
7696
1005
7547
2674
3088
5981
8789
7994
9340
9780
8072
8793
586
3750
1155
6824
725
9395
8731
8924
4117
8702
8742
1987
369
5732
9926
8865
4513
6723
7012
2209
7729
4559
1236
817
541
6377
5164
6233
6157
9588
5026
3096
3338
6181
6272
416
5576
5003
9340
6045
3706
8082
8032
427
3814
4311
9293
4679
1034
6305
6889
8763
865
8125
5933
7758
4502
1097
3991
7012
7037
5369
108
375
1550
6380
791
3478
1384
6483
9523
1442
4565
3908
1869
4732
8219
7514
9411
9253
3820
2652
8017
1037
7129
3950
5147
7984
1399
5490
4996
8436
859
5104
5163
2409
7836
2307
2239
5572
8790
1762
7014
9708
5670
5236
4440
241
2750
203
9495
6570
2856
7512
3959
9985
7814
9106
7969
9213
4596
9317
4001
1807
4421
5516
568
8610
7823
2807
4182
2966
922
1197
2674
2944
6433
3466
3186
9183
3669
2681
2106
2877
6545
6065
2863
711
1524
7184
6276
2472
6502
277
632
7275
5793
1200
5885
9969
360
68
2935
1282
7617
5609
578
402
9075
3764
5937
9096
2797
8043
1974
5694
461
1189
2757
8337
4725
9033
7161
1227
9310
7793
4855
1456
8994
740
1425
5706
7160
712
6988
1129
6321
3918
1531
1748
7683
7469
7196
6832
1864
5522
8879
8677
6711
1636
3366
1437
670
528
9016
6332
8321
3871
4140
3667
964
1917
9373
4476
2629
2713
5606
5302
6632
3489
3402
667
958
599
3851
9175
2473
9082
4204
9185
719
7571
6974
7741
8099
2342
425
2772
2566
4566
2792
3530
6483
2165
4358
5465
1231
9964
767
4215
3454
522
1234
764
7473
5085
6291
9946
4168
496
5483
1239
8067
2457
8980
2518
1152
9405
5290
3718
323
8082
3600
3159
6600
7958
8624
7831
4275
5743
8398
4081
6265
9632
1197
90
4717
7489
37
5237
7985
5520
2828
6052
4330
1808
8570
5482
7566
212
9200
4241
8295
9152
7400
1247
7110
2376
9078
7737
4472
3828
1818
7089
3460
3016
7180
4529
6857
7217
9767
4842
9089
2595
894
9771
756
5816
5253
4674
6028
805
5267
675
9957
9020
1922
3420
1396
7352
1157
2220
1180
9328
9310
4640
8696
6490
9170
5553
59
5289
395
5500
4236
7641
5272
1344
3457
6877
6018
9485
7683
7638
6513
3992
6658
8435
7412
4406
2140
8570
6627
3320
4250
5937
4313
2946
8779
3483
8499
5190
5124
8894
690
9360
6535
2314
705
6344
9192
3075
5829
6875
713
8694
867
7371
7130
8280
8130
9270
3202
4757
8942
7452
694
3255
398
9473
3090
5249
1015
8214
4143
1705
3927
7030
4020
984
3374
9564
4059
5555
6439
1125
4250
3658
4848
7732
8290
2978
3354
1492
7735
2296
5296
4781
1904
2046
606
4994
7295
1621
9561
7790
9679
9840
4820
51
824
8194
9615
4883
3750
6054
2360
4352
6064
7209
2084
4355
6539
5438
2199
4275
4086
3848
9056
5990
5894
9663
7337
9542
7636
6898
7332
7315
6738
2153
7366
7562
6699
6981
8797
6801
9387
1158
1153
5452
4719
3237
9807
1258
5027
8358
1885
9114
2206
7294
5104
4453
6957
2441
3995
4593
5691
1327
8261
2429
9832
5627
6343
2884
2609
1493
9685
1996
9003
839
7448
3722
428
3607
1332
5456
8318
3218
4570
524
512
6026
4977
3821
8468
5324
4766
511
3004
3027
2941
2836
5007
5636
2072
7616
7129
1758
5964
6132
2597
9765
6206
3025
9724
7539
4833
8042
7109
9403
8567
3973
5430
9896
4146
250
5221
5264
761
8225
4644
54
7413
9651
5691
9486
7267
9172
1244
9583
1657
193
9348
7863
9570
9073
1754
4404
7115
5215
159
2034
9188
1941
1931
9686
8543
3504
4951
9305
1729
9595
5711
5494
9246
7754
1332
2865
3279
8928
8800
4936
9121
8149
2799
5044
3574
4554
9448
689
6121
5959
9076
5310
7901
1007
4996
6444
4511
6299
2101
2592
5894
4165
8086
1492
8271
9419
709
1550
8347
9510
6486
3821
4011
9286
5217
7585
192
4665
4626
6313
6976
3702
7975
4877
1061
9324
7674
5572
5623
6127
4516
7870
292
8955
9362
4916
4726
6424
6466
9425
5934
2953
3246
9945
8591
8463
7530
5135
9480
8508
7800
2809
2211
5776
7686
3272
1452
1712
5197
7075
4192
9713
1297
836
8668
7012
5752
3394
3436
2219
2820
9370
5172
2418
5667
115
7234
9549
5250
3066
8057
3050
5875
268
5178
9914
9893
6630
1626
5090
58
2170
1155
7707
3007
6176
4719
8759
9570
8155
978
8742
3877
2502
7513
5896
8969
4747
5445
4219
4165
9855
3622
41
123
5152
9955
6368
1783
7933
1458
8193
104
2614
5900
3111
5142
6972
8222
1064
1479
5553
9807
5357
4407
3672
7605
3377
4771
9403
3948
8936
9258
7570
8977
5733
2723
5284
2102
858
3218
9912
5403
9674
8878
7655
9137
4020
4627
7359
5085
6107
9264
1244
7816
3672
4916
5421
3401
6039
1176
7349
4975
434
4920
305
6168
3995
1941
8270
4853
5159
4534
256
1185
3413
7911
322
7433
8891
4034
2518
4998
3298
3762
9166
3322
5030
939
6723
1069
2116
4073
2397
2550
5345
2702
5070
9340
4643
9692
4193
6155
4227
801
3692
7640
5064
4015
1425
3955
4401
296
5305
7699
410
4471
1022
5441
1763
4097
2862
231
8170
5259
9133
3515
4313
4204
2855
5309
3896
3400
7816
4475
4201
1508
8467
5618
1875
9893
9573
6276
6541
4879
328
6951
5702
7702
2392
3817
1799
1607
4048
6322
6866
3182
6189
7532
7386
9045
2841
7634
8797
7009
8462
9351
8517
6929
4969
6745
3174
4542
